46	464.4	7383.9805	12877.8	0.0
47	1245.03	7272.9359	5156.5	0.0
48	313.96	7067.2181	30823.2	0.0
48	1707.16	7147.0416	5084.9	0.0
49	1052.6	6965.4307	60824.2	0.0
49	1492.17	6989.6551	1230.2	0.0
50	1213.78	6834.9246	655.5	0.0
50	1899.5	6871.2891	3268.0	0.0
51	507.42	6662.2686	1227.9	0.0
51	777.5	6677.281	3395.7	0.0
51	2221.85	6752.8335	3550.7	0.0
52	457.39	6531.3418	1658.9	0.0
52	1441.47	6583.906	4604.7	0.0
52	1589.24	6591.4845	3476.9	0.0
53	609.74	6416.3071	2710.5	0.0
53	1393.55	6457.2824	6341.4	0.0
53	2067.54	6490.7372	483.0	0.0
54	598.77	6296.8722	397.8	0.0
54	1185.74	6327.2778	1433.6	0.0
54	2200.46	6376.9305	636.9	0.0
55	360.33	6169.8221	2353.0	0.0
55	1011.22	6203.4925	3718.3	0.0
55	2207.82	6261.4181	1005.5	0.0
56	356.19	6059.3725	685.0	0.0
56	1465.67	6114.9234	5068.7	0.0
56	2258.18	6151.9929	1307.9	0.0
57	764.75	5973.6649	5060.1	0.0
57	1452.74	6007.0722	1364.7	0.0
57	1992.02	6032.1274	5003.2	0.0
58	555.66	5860.3108	559.4	0.0
58	1693.75	5914.6709	2099.7	0.0
59	547.64	5760.5508	13542.2	0.0
59	1466.44	5804.1412	7065.2	0.0
60	561.81	5665.1799	827.7	0.0
60	1458.93	5707.1033	1025.4	0.0
60	1869.32	5725.3885	1436.8	0.0
61	584.75	5573.3535	1842.9	0.0
61	1306.08	5606.733	3297.9	0.0
61	2058.74	5639.7461	942.9	0.0
62	927.04	5499.2554	3794.1	0.0
62	2042.27	5548.1758	1218.5	0.0
63	1050.4	5417.4858	3356.5	0.0
63	1851.56	5452.2187	929.4	0.0
64	917.88	5326.9756	1229.9	0.0
64	1296.58	5343.5812	3852.5	0.0
64	2329.15	5386.6107	503.9	0.0
65	606.02	5231.1597	3366.1	0.0
65	1225.56	5258.3602	3119.3	0.0
65	1421.63	5266.7108	1521.1	0.0
66	759.02	5158.6041	4130.4	0.0
66	2016.18	5211.2305	1743.7	0.0
67	448.64	5067.9737	1918.1	0.0
67	1555.19	5115.0448	2404.1	0.0
67	2317.47	5145.3083	546.3	0.0
68	817.92	5009.3344	2094.4	0.0
68	2116.45	5062.0371	1729.9	0.0
69	422.7	4919.8157	680.0	0.0
69	1509.91	4965.0795	10296.2	0.0
70	384.26	4847.8095	1641.3	0.0
70	1529.06	4894.9551	4590.9	0.0
71	357.05	4778.294	797.3	0.0
71	1024.32	4806.0205	11491.9	0.0
71	1913.83	4840.8492	1891.9	0.0
72	718.2	4726.8683	7853.6	0.0
72	2037.04	4778.294	1875.9	0.0
72	940.6	4735.9058	5627.9	0.0
73	615.63	4657.9012	6891.6	0.0
73	1007.04	4673.6609	2797.5	0.0
73	2421.69	4726.8683	1577.7	0.0
74	492.6	4589.8978	3726.7	0.0
74	983.34	4609.5673	16317.7	0.0
74	2274.39	4657.9012	4064.5	0.0
75	905.27	4545.0519	11943.9	0.0
75	1812.56	4579.3495	6416.9	0.0
75	2104.52	4589.8978	5554.6	0.0
76	817.33	4481.8107	3380.2	0.0
76	1580.74	4510.7332	3258.4	0.0
77	880.25	4426.0011	4708.8	0.0
77	1489.46	4448.8792	1153.0	0.0
77	2418.99	4481.8107	514.7	0.0
78	337.1	4348.064	1049.0	0.0
78	1742.09	4400.9863	2274.8	0.0
78	920.18	4370.7532	2753.5	0.0
79	520.16	4300.1008	472.9	0.0
79	1411.89	4333.5612	1970.0	0.0
79	1818.75	4348.064	6370.6	0.0
80	864.39	4259.3619	2041.9	0.0
80	2000.76	4300.1008	1130.5	0.0
80	1210.92	4272.1689	1870.4	0.0
81	639.63	4198.317	973.9	0.0
81	977.3	4210.9232	559.6	0.0
81	1712.37	4237.2198	921.5	0.0
81	2365.38	4259.3619	452.1	0.0
82	950.71	4158.5905	1953.8	0.0
82	1603.91	4181.8836	543.9	0.0
82	2085.44	4198.317	1571.8	0.0
83	1069.37	4112.7545	244.1	0.0
83	1608.17	4131.7235	1944.9	0.0
83	2412.1	4158.5905	221.4	0.0
84	768.45	4052.9208	164.5	0.0
84	1301.54	4071.9967	844.9	0.0
85	1009.32	4013.8566	48.3	0.0
85	1852.85	4042.8937	273.3	0.0
83	181.05	4079.5738	0.3	1
83	227.11	4081.3678	0.1	1
83	281.8	4083.4688	0.3	1
83	322.84	4085.0421	0.2	1
83	332.94	4085.4341	0.2	1
83	361.53	4086.5205	0.8	1
83	381.36	4087.2848	0.2	1
83	430.36	4089.1379	0.4	1
83	550.12	4093.6713	0.2	1
83	578.76	4094.747	2.4	1
83	614.25	4096.0759	0.4	1
83	659.03	4097.7478	2.8	1
83	685.79	4098.7316	0.5	1
83	728.96	4100.3414	8.7	1
83	851.35	4104.8385	0.3	1
83	911.88	4107.0506	1.0	1
83	933.7	4107.8614	0.8	1
83	949.43	4108.4198	3.5	1
83	974.26	4109.3234	1.5	1
83	1015.92	4110.826	1.6	1
83	1153.03	4115.7589	5.2	1
83	1179.82	4116.7137	6.5	1
83	1229.85	4118.4893	0.7	1
83	1387.28	4124.0403	0.7	1
83	1483.5	4127.412	3.4	1
83	1519.09	4128.64	3.6	1
83	1587.24	4131.0021	7.1	1
83	1637.8	4132.7533	2.6	1
83	1676.32	4134.0681	10.0	1
83	1717.55	4135.48	1.2	1
83	1792.68	4138.0406	1.2	1
83	1899.06	4141.6321	0.6	1
83	1930.83	4142.701	3.8	1
83	1958.83	4143.6491	1.6	1
83	2094.67	4148.1816	1.0	1
83	2293.4	4154.7205	0.3	1
83	2348.3	4156.5166	0.4	1
82	160.05	4128.64	0.1	1
82	220.4	4131.0021	0.3	1
82	239.0	4131.7235	8.5	1
82	299.3	4134.0681	0.7	1
82	335.45	4135.48	0.2	1
82	402.37	4138.0406	0.2	1
82	459.93	4140.235	0.4	1
82	524.57	4142.701	1.1	1
82	549.31	4143.6491	0.5	1
82	669.89	4148.1816	0.7	1
82	684.23	4148.7269	0.4	1
82	748.92	4151.1453	0.4	1
82	845.52	4154.7205	0.7	1
82	894.14	4156.5166	1.5	1
82	1058.34	4162.509	2.2	1
82	1104.42	4164.1795	30.4	1
82	1148.41	4165.7661	9.1	1
82	1228.21	4168.6341	1.6	1
82	1281.36	4170.5333	15.2	1
82	1304.13	4171.341	0.8	1
82	1494.36	4178.0597	4.5	1
82	1502.94	4178.3658	2.7	1
82	1516.93	4178.8481	2.4	1
82	1668.98	4184.1376	1.6	1
82	1698.34	4185.1447	0.8	1
82	1755.88	4187.141	0.7	1
82	1860.47	4190.7129	60.3	1
82	1869.74	4191.0294	46.2	1
82	1908.88	4192.362	1.8	1
82	1928.24	4193.0164	4.6	1
82	1984.64	4194.9318	4.0	1
82	2156.05	4200.6745	142.4	1
82	2365.81	4207.6122	0.2	1
82	2404.78	4208.8907	1.4	1
82	2467.04	4210.9232	2.2	1
81	117.13	4178.0597	0.2	1
81	213.93	4181.8836	2.2	1
81	440.73	4190.7129	13.3	1
81	448.85	4191.0294	10.1	1
81	483.36	4192.362	0.5	1
81	500.7	4193.0164	1.3	1
81	550.49	4194.9318	1.5	1
81	702.05	4200.6745	133.5	1
81	887.77	4207.6122	0.4	1
81	909.39	4208.4108	1.1	1
81	921.9	4208.8907	10.7	1
81	1035.62	4213.0673	6.0	1
81	1083.73	4214.8285	4.9	1
81	1105.76	4215.6272	0.7	1
81	1118.03	4216.0698	1.4	1
81	1125.96	4216.3722	1.4	1
81	1155.28	4217.4308	10.4	1
81	1189.26	4218.6649	15.8	1
81	1228.13	4220.0651	3.3	1
81	1246.39	4220.7323	1.3	1
81	1273.25	4221.6921	0.5	1
81	1299.5	4222.6373	21.5	1
81	1344.19	4224.2413	1.4	1
81	1354.57	4224.6151	0.5	1
81	1413.88	4226.7267	115.0	1
81	1432.48	4227.3872	5.1	1
81	1454.25	4228.158	79.0	1
81	1482.13	4229.1477	9.8	1
81	1502.52	4229.8644	14.7	1
81	1518.36	4230.4267	4.6	1
81	1529.65	4230.8242	1.6	1
81	1599.81	4233.2873	0.7	1
81	1661.88	4235.4636	51.8	1
81	1824.38	4241.0948	2.3	1
81	1849.64	4241.9725	0.5	1
81	1871.61	4242.7197	0.6	1
81	1887.38	4243.2611	1.1	1
81	2014.46	4247.5988	1.1	1
81	2037.96	4248.3908	1.8	1
81	2069.68	4249.4761	0.5	1
81	2094.57	4250.3146	34.4	1
81	2108.19	4250.7749	1.5	1
81	2120.41	4251.1846	12.3	1
81	2190.51	4253.5385	1.8	1
81	2241.26	4255.2373	1.1	1
81	2271.66	4256.2537	3.2	1
81	2309.16	4257.4963	11.4	1
81	2339.89	4258.5204	1.1	1
81	2394.85	4260.333	0.7	1
81	2414.18	4260.9845	0.2	1
81	2430.0	4261.492	0.1	1
84	180.75	4030.8424	0.3	1
84	301.2	4035.46	0.3	1
84	316.8	4036.0479	1.2	1
84	330.35	4036.5652	0.2	1
84	497.77	4042.8937	5.4	1
84	511.27	4043.3948	0.7	1
84	538.44	4044.4179	4.2	1
84	580.11	4045.9654	0.6	1
84	642.65	4048.2876	0.3	1
84	687.29	4049.9447	0.5	1
84	785.12	4053.5277	1.2	1
84	812.17	4054.5258	0.5	1
84	942.66	4059.2529	1.6	1
84	1058.47	4063.4071	2.5	1
84	1084.25	4064.3315	0.9	1
84	1120.81	4065.6187	0.3	1
84	1172.1	4067.4507	1.7	1
84	1221.93	4069.2014	2.1	1
84	1251.29	4070.2383	1.4	1
84	1312.39	4072.3849	20.3	1
84	1354.43	4073.8563	0.8	1
84	1401.84	4075.503	3.2	1
84	1434.34	4076.6284	9.4	1
84	1443.33	4076.9432	5.8	1
84	1498.91	4078.8751	0.5	1
84	1519.54	4079.5738	13.5	1
84	1571.74	4081.3678	1.6	1
84	1601.53	4082.3872	8.0	1
84	1633.1	4083.4688	3.0	1
84	1666.88	4084.6192	0.3	1
84	1679.29	4085.0421	2.4	1
84	1690.58	4085.4341	1.9	1
84	1722.81	4086.5205	7.7	1
84	1745.19	4087.2848	1.0	1
84	1788.02	4088.7264	1.5	1
84	1800.29	4089.1379	2.3	1
84	1865.96	4091.3476	0.4	1
84	1935.52	4093.6713	0.9	1
84	1967.83	4094.747	7.1	1
84	2007.93	4096.0759	1.1	1
84	2058.25	4097.7478	5.6	1
84	2088.22	4098.7316	0.7	1
84	2137.07	4100.3414	10.6	1
84	2206.74	4102.6177	0.6	1
84	2343.38	4107.0506	0.3	1
84	2385.82	4108.4198	0.5	1
84	2413.86	4109.3234	0.3	1
84	2520.73	4112.7545	0.1	1
85	371.28	3990.4922	0.1	1
85	412.26	3992.0535	0.2	1
85	485.8	3994.7918	1.3	1
85	655.55	4001.0581	0.4	1
85	678.08	4001.8935	0.3	1
85	716.48	4003.3086	0.2	1
85	765.96	4005.0928	0.5	1
85	818.71	4007.0188	0.3	1
85	851.92	4008.2102	1.2	1
85	971.12	4012.4952	3.0	1
85	1033.68	4014.7164	0.5	1
85	1129.22	4018.099	0.7	1
85	1158.32	4019.1289	9.4	1
85	1193.07	4020.3541	0.5	1
85	1278.52	4023.3378	0.6	1
85	1320.61	4024.8025	1.4	1
85	1345.22	4025.6556	0.5	1
85	1384.4	4027.0091	2.4	1
85	1479.91	4030.2925	1.0	1
85	1495.56	4030.8424	12.1	1
85	1631.52	4035.46	5.1	1
85	1648.84	4036.0479	20.3	1
85	1664.14	4036.5652	1.8	1
85	1693.79	4037.5614	0.5	1
85	1713.51	4038.2287	0.6	1
85	1730.71	4038.8043	1.2	1
85	1762.12	4039.8648	0.5	1
85	1802.1	4041.2036	0.6	1
85	1867.87	4043.3948	3.8	1
85	1898.64	4044.4179	18.6	1
85	1913.97	4044.9269	0.4	1
85	1922.68	4045.2268	0.3	1
85	1945.36	4045.9654	1.7	1
85	2066.01	4049.9447	0.9	1
85	2094.93	4050.8872	0.7	1
85	2157.44	4052.9208	18.8	1
85	2176.22	4053.5277	1.0	1
85	2206.89	4054.5258	0.5	1
85	2353.72	4059.2529	0.3	1
86	169.01	3936.3532	0.1	1
86	465.71	3947.5046	0.2	1
86	480.43	3948.0305	0.3	1
86	505.86	3948.9789	0.8	1
86	544.14	3950.3951	0.5	1
86	608.77	3952.7608	0.3	1
86	788.63	3959.3	0.3	1
86	875.87	3962.4196	0.2	1
86	1015.58	3967.3921	1.8	1
86	1151.1	3972.1545	1.1	1
86	1180.76	3973.1961	0.7	1
86	1217.69	3974.4766	1.9	1
86	1358.8	3979.3559	3.6	1
86	1380.38	3980.0896	0.5	1
86	1399.26	3980.755	0.2	1
86	1430.87	3981.8281	0.2	1
86	1589.59	3987.2061	0.4	1
86	1637.94	3988.8456	0.3	1
86	1687.13	3990.4922	1.1	1
86	1724.35	3991.7309	0.6	1
86	1733.96	3992.0535	1.0	1
86	1816.19	3994.7918	8.0	1
86	1872.54	3996.6687	0.2	1
86	1925.43	3998.4038	0.2	1
86	1982.93	4000.2811	0.3	1
86	2006.63	4001.0581	0.9	1
86	2031.93	4001.8935	0.7	1
86	2075.67	4003.3086	0.3	1
86	2130.57	4005.0928	0.6	1
86	2227.52	4008.2102	1.0	1
86	2361.53	4012.4952	0.6	1
86	2404.44	4013.8566	0.5	1
87	737.53	3911.9091	0.2	1
87	863.8	3916.4176	0.4	1
87	1073.14	3923.7995	0.3	1
87	1110.18	3925.0934	0.6	1
87	1128.22	3925.7188	2.3	1
87	1212.0	3928.6233	2.5	1
87	1242.35	3929.6693	0.8	1
87	1261.72	3930.3303	0.1	1
87	1336.51	3932.9113	0.6	1
87	1358.66	3933.6611	0.5	1
87	1771.1	3947.5046	1.1	1
87	1787.06	3948.0305	1.6	1
87	1815.73	3948.9789	4.8	1
87	1858.75	3950.3951	2.8	1
87	2004.93	3955.1699	0.2	1
87	2027.63	3955.8903	0.2	1
87	2133.01	3959.3	0.3	1
87	2387.62	3967.3921	0.3	1
50	120.06	6773.0973	0.6	1
50	209.03	6778.3123	16.4	1
50	390.5	6788.8403	8.0	1
50	432.06	6791.2351	8.9	1
50	736.26	6808.5311	4.5	1
50	750.13	6809.3173	3.4	1
50	772.32	6810.5494	1.7	1
50	862.72	6815.6123	0.9	1
50	1005.28	6823.5084	3.9	1
50	1026.46	6824.6774	15.7	1
50	1073.26	6827.2488	11.3	1
50	1105.83	6829.0355	29.0	1
50	1176.57	6832.8927	1.4	1
50	1529.7	6851.8842	4.5	1
50	1571.39	6854.1093	6.9	1
50	1594.28	6855.315	2.3	1
50	1707.27	6861.2688	35.3	1
50	1750.54	6863.535	7.6	1
50	1812.31	6866.7634	6.1	1
50	1844.86	6868.4508	5.6	1
50	1966.53	6874.753	18.4	1
50	2060.57	6879.5824	12.4	1
50	2123.72	6882.8114	2.5	1
50	2207.82	6887.0881	9.1	1
50	2229.24	6888.1742	18.2	1
50	2251.48	6889.3032	3.6	1
50	2309.94	6892.2502	0.8	1
51	85.68	6638.2207	24.5	1
51	97.51	6638.9119	7.1	1
51	111.83	6639.7403	17.6	1
51	180.49	6643.6976	44.6	1
51	197.32	6644.6635	11.6	1
51	229.96	6646.5407	2.4	1
51	263.98	6648.4954	1.9	1
51	272.26	6648.9586	2.1	1
51	367.37	6654.3675	2.4	1
51	412.85	6656.9386	3.9	1
51	443.6	6658.6774	16.7	1
51	479.04	6660.6761	14.4	1
51	539.2	6664.051	18.1	1
51	580.42	6666.3588	40.4	1
51	710.41	6673.5797	4.1	1
51	730.54	6674.6969	30.2	1
51	777.5	6677.2817	339.6	1
51	888.48	6683.3673	12.9	1
51	905.35	6684.2929	66.0	1
51	1060.94	6692.7262	4.0	1
51	1084.81	6694.0068	3.3	1
51	1093.84	6694.4967	3.2	1
51	1153.82	6697.7123	10.6	1
51	1210.35	6700.7499	1.9	1
51	1408.79	6711.2521	8.8	1
51	1460.56	6713.97	15.8	1
51	1560.87	6719.1995	26.0	1
51	1631.87	6722.8899	2.5	1
51	1720.28	6727.4583	53.8	1
51	1733.15	6728.1183	6.1	1
51	1768.4	6729.9328	1.6	1
51	1821.5	6732.6491	2.3	1
51	1843.04	6733.7488	6.1	1
51	1930.1	6738.18	4.6	1
51	2003.98	6741.9212	0.8	1
51	2023.21	6742.8845	3.7	1
51	2087.75	6746.1355	0.6	1
51	2193.6	6751.4267	1.1	1
51	2238.3	6753.6598	2.8	1
51	2294.88	6756.4528	71.2	1
51	2307.98	6757.1092	2.1	1
51	2330.05	6758.2035	1.9	1
51	2501.4	6766.6117	8.3	1
51	2572.97	6770.1069	0.1	1
52	60.48	6509.0503	7.6	1
52	118.67	6512.3639	27.5	1
52	290.34	6522.0432	8.8	1
52	802.11	6550.1877	4.4	1
52	830.06	6551.7055	9.6	1
52	875.97	6554.1603	77.9	1
52	964.22	6558.8756	15.4	1
52	1068.66	6564.4445	8.9	1
52	1291.41	6576.1221	6.1	1
52	1312.24	6577.2146	91.9	1
52	1370.18	6580.2299	5.0	1
52	1476.25	6585.6945	4.2	1
52	1531.57	6588.5396	400.9	1
52	1637.43	6593.9391	142.3	1
52	1680.15	6596.1141	4.7	1
52	1746.97	6599.4824	5.8	1
52	1812.26	6602.762	2.4	1
52	1853.82	6604.8534	49.5	1
52	1864.8	6605.4165	15.3	1
52	2099.69	6617.058	3.6	1
52	2108.97	6617.5154	4.2	1
52	2122.02	6618.1668	6.8	1
52	2158.19	6619.9458	13.3	1
52	2178.88	6620.9665	3.6	1
52	2407.59	6632.0837	2.5	1
52	2535.26	6638.2207	7.9	1
52	2549.65	6638.9119	1.7	1
53	34.86	6384.7169	33.9	1
53	82.68	6387.3957	12.7	1
53	108.03	6388.8134	3.9	1
53	118.49	6389.39	2.8	1
53	150.24	6391.1774	1.6	1
53	214.57	6394.7289	3.1	1
53	295.5	6399.2065	7.6	1
53	322.59	6400.6961	7.0	1
53	364.68	6403.0128	7.9	1
53	528.08	6411.8991	131.8	1
53	559.76	6413.6145	33.0	1
53	595.26	6415.5374	7.9	1
53	648.14	6418.3703	11.0	1
53	732.79	6422.8969	9.5	1
53	896.3	6431.555	13.9	1
53	993.74	6436.6699	2.9	1
53	1094.11	6441.8994	13.0	1
53	1131.82	6443.8598	12.2	1
53	1166.3	6445.6407	2.5	1
53	1188.16	6446.7712	12.3	1
53	1269.49	6450.9557	5.1	1
53	1291.21	6452.0591	2.6	1
53	1353.91	6455.2647	2.6	1
53	1456.54	6460.475	3.7	1
53	1467.96	6461.0596	2.3	1
53	1670.13	6471.2131	5.1	1
53	1910.5	6483.0825	63.5	1
53	1957.45	6485.3759	1.7	1
53	2000.49	6487.4811	4.2	1
53	2029.11	6488.8832	4.8	1
53	2118.29	6493.1975	15.1	1
53	2207.41	6497.4919	2.1	1
53	2241.13	6499.1061	4.0	1
53	2301.44	6501.9919	6.7	1
53	2333.3	6503.5111	2.2	1
53	2406.26	6506.9868	5.3	1
53	2449.89	6509.0503	5.4	1
53	2520.06	6512.3639	10.2	1
54	128.45	6271.5444	11.4	1
54	175.55	6274.1166	20.8	1
54	213.21	6276.1646	8.3	1
54	232.77	6277.2385	5.6	1
54	283.21	6279.9776	3.1	1
54	381.67	6285.278	6.0	1
54	418.27	6287.2554	6.4	1
54	459.92	6289.4882	5.1	1
54	491.83	6291.1915	17.4	1
54	508.29	6292.0601	8.2	1
54	530.34	6293.2424	19.4	1
54	675.5	6300.9165	15.0	1
54	719.9	6303.2507	15.5	1
54	738.86	6304.2423	4.6	1
54	804.15	6307.657	58.8	1
54	832.94	6309.16	8.0	1
54	899.8	6312.6222	5.2	1
54	960.68	6315.775	19.4	1
54	988.07	6317.1824	10.2	1
54	1167.75	6326.3669	42.4	1
54	1267.64	6331.4137	9.5	1
54	1347.2	6335.406	3.8	1
54	1391.31	6337.6201	27.7	1
54	1432.31	6339.6684	21.8	1
54	1496.5	6342.8595	237.4	1
54	1562.43	6346.1209	9.8	1
54	1605.27	6348.2321	8.7	1
54	1615.46	6348.7375	46.0	1
54	1762.15	6355.9108	32.2	1
54	1785.02	6357.0229	7.4	1
54	1798.57	6357.6779	4.8	1
54	1818.0	6358.6211	3.9	1
54	1828.53	6359.1345	2.8	1
54	1839.78	6359.6744	6.1	1
54	1893.0	6362.2518	4.3	1
54	1947.88	6364.8937	13.3	1
54	2036.3	6369.1394	11.5	1
54	2045.64	6369.5748	30.4	1
54	2095.47	6371.9436	38.3	1
54	2258.64	6379.6733	4.3	1
54	2294.55	6381.3598	2.0	1
54	2366.21	6384.7169	44.2	1
54	2423.67	6387.3957	11.5	1
54	2454.08	6388.8134	2.6	1
54	2466.68	6389.39	1.5	1
54	2482.41	6390.1289	0.7	1
54	2530.79	6392.3685	0.4	1
55	28.02	6151.9929	61.5	1
55	66.37	6154.0682	12.5	1
55	94.02	6155.581	17.0	1
55	121.92	6157.0878	11.1	1
55	201.33	6161.3534	13.3	1
55	216.65	6162.17	17.3	1
55	259.85	6164.4796	72.5	1
55	406.74	6172.2778	192.8	1
55	422.31	6173.0964	40.1	1
55	523.78	6178.4315	37.3	1
55	567.3	6180.705	34.7	1
55	604.07	6182.6217	729.9	1
55	691.06	6187.135	6.8	1
55	710.25	6188.1251	104.2	1
55	729.87	6189.1449	6.7	1
55	821.7	6193.8563	9.3	1
55	907.32	6198.2227	170.8	1
55	950.93	6200.4325	9.5	1
55	964.01	6201.1002	10.6	1
55	1058.23	6205.8599	13.0	1
55	1085.25	6207.2201	225.7	1
55	1114.59	6208.6869	14.0	1
55	1259.85	6215.9383	40.9	1
55	1342.24	6220.0112	29.1	1
55	1368.92	6221.3192	16.4	1
55	1434.15	6224.5272	165.9	1
55	1471.81	6226.3697	49.2	1
55	1607.58	6232.9745	7.6	1
55	1633.01	6234.1962	4.0	1
55	1646.56	6234.8554	68.0	1
55	1747.64	6239.7121	7.6	1
55	1773.51	6240.9536	20.9	1
55	1818.95	6243.1201	57.3	1
55	1859.32	6245.0409	3.9	1
55	1871.25	6245.6182	4.2	1
55	1883.14	6246.1736	5.3	1
55	1930.16	6248.4055	14.6	1
55	2122.08	6257.4237	38.0	1
55	2147.56	6258.6068	9.4	1
55	2278.87	6264.7139	2.1	1
55	2427.49	6271.5444	8.2	1
55	2483.88	6274.1166	9.5	1
55	2528.77	6276.1646	1.9	1
56	50.16	6043.2233	70.6	1
56	119.12	6046.8977	5.4	1
56	159.73	6049.051	49.7	1
56	196.36	6050.9818	7.0	1
56	229.35	6052.7229	25.2	1
56	241.83	6053.3808	23.0	1
56	283.96	6055.5937	4.2	1
56	333.15	6058.1813	2.4	1
56	397.76	6061.5361	5.1	1
56	459.74	6064.7508	4.7	1
56	504.71	6067.0803	2.8	1
56	542.51	6069.0207	15.6	1
56	568.11	6070.3412	3.7	1
56	622.05	6073.1036	16.6	1
56	700.64	6077.1057	25.6	1
56	715.67	6077.8728	32.0	1
56	726.53	6078.4212	24.4	1
56	742.35	6079.2227	38.0	1
56	864.05	6085.3748	44.6	1
56	901.9	6087.2622	13.0	1
56	917.28	6088.0305	103.9	1
56	1101.48	6097.1945	5.0	1
56	1120.51	6098.1205	16.1	1
56	1134.44	6098.8031	57.5	1
56	1193.8	6101.7251	49.1	1
56	1273.79	6105.6351	71.6	1
56	1312.77	6107.5337	31.3	1
56	1422.33	6112.8375	37.5	1
56	1435.4	6113.4657	9.2	1
56	1491.51	6116.1661	16.9	1
56	1565.07	6119.6998	19.3	1
56	1583.23	6120.5564	16.2	1
56	1618.04	6122.2144	37.9	1
56	1642.19	6123.3619	23.7	1
56	1652.2	6123.8331	18.3	1
56	1665.8	6124.4805	48.3	1
56	1692.37	6125.7396	4.8	1
56	1967.89	6138.6465	26.3	1
56	2114.91	6145.4411	47.1	1
56	2229.47	6150.683	7.7	1
56	2303.84	6154.0682	20.4	1
56	2313.53	6154.5162	10.5	1
56	2329.68	6155.2385	17.0	1
56	2336.95	6155.581	23.0	1
56	2370.3	6157.0878	12.0	1
56	2465.09	6161.3534	6.6	1
56	2483.53	6162.17	7.4	1
56	2534.97	6164.4796	15.7	1
57	36.34	5936.3861	4.0	1
57	60.81	5937.6634	9.3	1
57	82.82	5938.8252	51.5	1
57	171.76	5943.4653	2.7	1
57	224.72	5946.2347	2.4	1
57	274.58	5948.7991	6.4	1
57	406.06	5955.5616	8.3	1
57	419.73	5956.2588	4.9	1
57	508.54	5960.7806	6.0	1
57	581.38	5964.4723	5.1	1
57	657.72	5968.3199	6.0	1
57	686.13	5969.7373	13.9	1
57	723.54	5971.6008	12.5	1
57	739.96	5972.4351	3.6	1
57	792.94	5975.0648	180.7	1
57	1020.45	5986.2665	12.6	1
57	1041.52	5987.3016	37.4	1
57	1077.29	5989.0447	123.3	1
57	1117.68	5991.0071	142.8	1
57	1168.84	5993.4941	7.8	1
57	1182.13	5994.1287	411.4	1
57	1234.0	5996.6297	17.9	1
57	1283.39	5998.9987	34.9	1
57	1329.43	6001.2033	55.1	1
57	1340.59	6001.7339	12.3	1
57	1412.58	6005.165	59.9	1
57	1518.16	6010.1606	101.5	1
57	1592.88	6013.6777	23.3	1
57	1630.17	6015.4218	16.0	1
57	1706.69	6018.9934	5.8	1
57	1750.71	6021.0357	148.9	1
57	1839.82	6025.15	34.0	1
57	1928.56	6029.2257	7.6	1
57	1937.75	6029.65	6.9	1
57	1955.14	6030.445	37.2	1
57	2008.37	6032.8726	11.8	1
57	2059.36	6035.1923	15.1	1
57	2093.75	6036.7622	3.5	1
57	2114.64	6037.6975	179.1	1
57	2136.39	6038.6805	27.7	1
57	2223.2	6042.5898	8.2	1
57	2237.34	6043.2233	153.8	1
57	2319.41	6046.8977	7.7	1
57	2367.81	6049.051	53.9	1
57	2411.44	6050.9818	5.2	1
57	2450.66	6052.7229	14.7	1
57	2465.57	6053.3808	11.4	1
57	2515.59	6055.5937	1.1	1
58	42.64	5834.2633	11.1	1
58	133.36	5838.9502	3.3	1
58	166.36	5840.6404	7.3	1
58	228.27	5843.8069	7.7	1
58	247.73	5844.7909	1.4	1
58	269.68	5845.9188	7.3	1
58	419.04	5853.4745	25.2	1
58	431.88	5854.1207	30.8	1
58	459.26	5855.4986	2.8	1
58	498.33	5857.4491	7.0	1
58	555.66	5860.3103	55.9	1
58	624.17	5863.7184	35.2	1
58	718.55	5868.3745	9.7	1
58	762.69	5870.5526	10.0	1
58	775.77	5871.1828	18.8	1
58	804.93	5872.6028	6.3	1
58	834.17	5874.0383	6.1	1
58	853.64	5874.9865	5.8	1
58	1011.34	5882.6242	74.7	1
58	1075.38	5885.7016	132.1	1
58	1092.71	5886.5314	20.3	1
58	1135.74	5888.5841	163.7	1
58	1164.46	5889.9531	43.1	1
58	1195.94	5891.451	95.5	1
58	1264.35	5894.6979	10.2	1
58	1276.69	5895.2818	17.3	1
58	1299.67	5896.3631	8.3	1
58	1373.84	5899.8441	31.4	1
58	1432.49	5902.6021	12.3	1
58	1465.88	5904.1592	10.6	1
58	1487.84	5905.1763	9.5	1
58	1496.45	5905.5707	54.7	1
58	1618.81	5911.2296	16.0	1
58	1637.32	5912.0853	326.9	1
58	1664.92	5913.3638	5.6	1
58	1787.19	5918.9442	28.2	1
58	1929.9	5925.4036	50.3	1
58	1967.88	5927.1258	10.7	1
58	2005.63	5928.813	91.6	1
58	2030.56	5929.9343	28.6	1
58	2175.32	5936.3861	10.5	1
58	2193.08	5937.1619	7.3	1
58	2204.32	5937.6634	22.4	1
58	2222.27	5938.457	48.4	1
58	2230.5	5938.8252	109.5	1
58	2335.95	5943.4653	3.2	1
58	2398.94	5946.2347	1.9	1
58	2458.11	5948.7991	3.1	1
59	57.37	5736.0297	4.4	1
59	126.01	5739.5196	19.0	1
59	158.58	5741.1705	3.7	1
59	171.71	5741.829	20.8	1
59	309.23	5748.7412	38.8	1
59	322.2	5749.3883	16.9	1
59	330.07	5749.7862	13.5	1
59	395.26	5753.0265	59.6	1
59	593.63	5762.7941	7.5	1
59	608.5	5763.529	83.3	1
59	695.77	5767.7785	19.0	1
59	704.04	5768.1812	54.7	1
59	823.54	5773.9463	44.2	1
59	895.48	5777.4006	15.6	1
59	946.32	5779.8352	7.0	1
59	1153.96	5789.6451	117.7	1
59	1213.48	5792.4304	90.2	1
59	1291.56	5796.0683	51.8	1
59	1318.49	5797.3194	16.1	1
59	1343.5	5798.478	18.1	1
59	1394.44	5800.8297	224.2	1
59	1421.64	5802.0798	27.0	1
59	1543.7	5807.6814	9.2	1
59	1565.18	5808.6569	5.2	1
59	1660.0	5812.9725	36.0	1
59	1714.53	5815.4219	45.3	1
59	1781.86	5818.4495	6.6	1
59	1807.59	5819.6027	4.9	1
59	1879.08	5822.7933	7.6	1
59	2021.48	5829.1097	4.9	1
59	2038.39	5829.8625	3.7	1
59	2060.54	5830.8272	12.6	1
59	2095.64	5832.3705	32.1	1
59	2138.8	5834.2633	33.0	1
59	2246.07	5838.9502	6.3	1
59	2285.19	5840.6404	11.5	1
59	2358.53	5843.8069	7.5	1
59	2381.49	5844.7909	1.2	1
59	2407.57	5845.9188	5.2	1
60	45.69	5639.7461	25.3	1
60	179.77	5646.4514	3.9	1
60	230.86	5648.991	18.4	1
60	265.61	5650.7043	49.9	1
60	332.82	5654.0234	5.2	1
60	412.57	5657.9255	25.0	1
60	437.27	5659.1272	9.2	1
60	517.6	5663.042	10.0	1
60	550.15	5664.621	13.2	1
60	571.1	5665.6283	14.6	1
60	587.55	5666.4185	3.9	1
60	602.29	5667.1281	24.8	1
60	742.23	5673.8358	11.1	1
60	766.59	5674.9864	27.4	1
60	809.86	5677.0529	51.5	1
60	850.92	5679.005	10.3	1
60	912.66	5681.9001	21.7	1
60	982.64	5685.1921	31.2	1
60	1028.82	5687.3489	6.5	1
60	1121.61	5691.6612	32.7	1
60	1265.53	5698.2937	16.9	1
60	1322.51	5700.9176	91.7	1
60	1360.74	5702.6511	13.0	1
60	1426.47	5705.6371	9.7	1
60	1493.6	5708.6794	9.9	1
60	1650.89	5715.7244	6.5	1
60	1683.32	5717.1711	13.2	1
60	1738.59	5719.6227	183.5	1
60	1751.25	5720.1828	1108.8	1
60	1847.92	5724.4638	23.1	1
60	1922.33	5727.7103	10.6	1
60	2113.61	5736.0297	13.6	1
60	2194.66	5739.5196	42.4	1
60	2233.08	5741.1705	6.8	1
60	2248.59	5741.829	36.0	1
60	2411.03	5748.7412	24.1	1
60	2426.3	5749.3883	9.3	1
60	2435.62	5749.7862	6.8	1
60	2512.53	5753.0265	12.3	1
61	24.19	5546.1204	1.2	1
61	65.58	5548.1758	32.0	1
61	130.24	5551.3719	3.8	1
61	155.73	5552.6229	4.3	1
61	215.12	5555.5312	3.0	1
61	246.11	5557.0454	44.9	1
61	272.9	5558.3422	71.1	1
61	280.16	5558.702	89.0	1
61	304.55	5559.8912	31.4	1
61	393.85	5564.2011	6.3	1
61	472.72	5567.9986	11.6	1
61	539.46	5571.1913	88.0	1
61	617.62	5574.9153	2.5	1
61	644.85	5576.2045	48.7	1
61	676.18	5577.6845	27.9	1
61	711.66	5579.3583	124.5	1
61	726.91	5580.0771	13.5	1
61	741.37	5580.7547	8.1	1
61	805.58	5583.7621	13.7	1
61	850.21	5585.8472	5.3	1
61	875.57	5587.0263	586.1	1
61	912.63	5588.7506	41.8	1
61	1017.89	5593.6129	27.3	1
61	1036.45	5594.4604	17.9	1
61	1049.49	5595.0635	167.7	1
61	1102.1	5597.4756	18.8	1
61	1192.7	5601.6032	200.6	1
61	1220.16	5602.863	12.4	1
61	1256.89	5604.5154	56.3	1
61	1369.16	5609.5735	13.4	1
61	1393.92	5610.6809	74.2	1
61	1424.96	5612.0679	80.1	1
61	1497.95	5615.3195	307.7	1
61	1528.78	5616.6908	7.0	1
61	1550.11	5617.6417	12.6	1
61	1603.31	5619.9755	20.4	1
61	1733.24	5625.6782	10.2	1
61	1838.97	5630.2969	12.6	1
61	1908.39	5633.295	24.1	1
61	2216.57	5646.4514	7.3	1
61	2276.69	5648.991	25.3	1
61	2317.63	5650.7043	56.0	1
61	2396.71	5654.0234	3.4	1
61	2490.71	5657.9255	6.7	1
61	2519.68	5659.1272	1.6	1
62	73.26	5458.9676	1.3	1
62	130.01	5461.7358	2.5	1
62	148.26	5462.6129	2.4	1
62	181.25	5464.2055	17.1	1
62	242.64	5467.1704	2.9	1
62	317.51	5470.7591	14.5	1
62	492.52	5479.0751	7.4	1
62	530.89	5480.8907	2.3	1
62	600.41	5484.1467	6.9	1
62	696.6	5488.6287	10.4	1
62	728.72	5490.1194	5.0	1
62	783.06	5492.6435	67.8	1
62	795.2	5493.204	24.3	1
62	819.71	5494.3306	29.0	1
62	853.32	5495.8738	164.6	1
62	903.65	5498.1841	15.5	1
62	985.87	5501.9439	7.1	1
62	1038.0	5504.3018	87.6	1
62	1078.14	5506.1128	43.3	1
62	1095.9	5506.9196	7.0	1
62	1132.36	5508.5585	16.6	1
62	1164.24	5509.9938	148.9	1
62	1273.41	5514.8731	97.5	1
62	1366.17	5518.9893	19.4	1
62	1428.7	5521.7532	9.7	1
62	1493.38	5524.5824	32.2	1
62	1501.81	5524.957	22.9	1
62	1555.31	5527.2953	15.3	1
62	1576.72	5528.2272	15.9	1
62	1619.18	5530.0763	5.3	1
62	1633.45	5530.6977	5.6	1
62	1755.56	5535.971	8.0	1
62	1792.42	5537.5563	14.9	1
62	1816.71	5538.6087	22.5	1
62	1832.29	5539.2618	333.5	1
62	1847.48	5539.9106	59.4	1
62	1876.39	5541.1466	13.6	1
62	1886.66	5541.5815	11.4	1
62	1917.4	5542.89	54.1	1
62	1968.33	5545.0495	7.7	1
62	1986.15	5545.8058	3.2	1
62	1993.6	5546.1204	5.2	1
62	2118.13	5551.3719	10.4	1
62	2148.08	5552.6229	10.4	1
62	2217.81	5555.5312	5.2	1
62	2254.23	5557.0454	66.6	1
62	2285.58	5558.3422	88.5	1
62	2294.24	5558.702	106.1	1
62	2322.85	5559.8912	32.7	1
62	2520.34	5567.9986	1.9	1
63	42.13	5370.7096	3.1	1
63	83.53	5372.7027	3.9	1
63	100.04	5373.4943	2.2	1
63	127.71	5374.8219	12.9	1
63	138.8	5375.3526	5.3	1
63	155.07	5376.1304	2.7	1
63	168.47	5376.7809	6.3	1
63	217.52	5379.1105	25.2	1
63	265.15	5381.3709	1.9	1
63	298.17	5382.9276	7.7	1
63	376.16	5386.6107	59.4	1
63	406.81	5388.0507	7.0	1
63	503.66	5392.5726	14.4	1
63	533.62	5393.9719	18.2	1
63	550.75	5394.7608	80.3	1
63	610.51	5397.516	16.4	1
63	646.22	5399.1745	30.1	1
63	655.88	5399.6218	6.7	1
63	667.43	5400.1455	6.5	1
63	721.1	5402.6048	17.0	1
63	734.07	5403.1993	10.3	1
63	812.18	5406.7553	4.9	1
63	831.84	5407.6535	108.2	1
63	900.69	5410.7687	100.5	1
63	1006.2	5415.5226	53.8	1
63	1087.02	5419.1285	5.9	1
63	1137.36	5421.3517	34.9	1
63	1197.37	5424.0079	68.3	1
63	1235.21	5425.6783	41.8	1
63	1251.61	5426.4075	14.3	1
63	1359.13	5431.112	103.0	1
63	1409.09	5433.2919	5.8	1
63	1428.96	5434.1514	47.0	1
63	1451.28	5435.1229	7.6	1
63	1468.94	5435.8925	17.1	1
63	1503.67	5437.3877	12.7	1
63	1563.97	5439.9891	23.7	1
63	1578.29	5440.6015	20.1	1
63	1650.62	5443.6893	12.5	1
63	1731.87	5447.1536	15.7	1
63	1758.17	5448.2719	3.9	1
63	1786.53	5449.4788	18.7	1
63	1838.15	5451.652	69.9	1
63	1921.19	5455.1524	7.5	1
63	2012.59	5458.9676	5.0	1
63	2079.05	5461.7358	7.3	1
63	2100.36	5462.6129	6.8	1
63	2139.04	5464.2055	42.3	1
63	2210.88	5467.1704	5.1	1
63	2298.71	5470.7591	15.6	1
63	2465.95	5477.5522	0.6	1
63	2503.75	5479.0751	1.3	1
63	2548.96	5480.8907	0.3	1
64	46.37	5286.887	2.8	1
64	150.42	5291.8163	5.3	1
64	205.2	5294.3971	8.0	1
64	220.06	5295.0886	1.6	1
64	245.48	5296.2787	14.3	1
64	276.82	5297.7431	20.9	1
64	288.14	5298.2824	17.6	1
64	336.32	5300.5234	12.2	1
64	355.43	5301.4043	2.8	1
64	476.05	5306.9864	6.5	1
64	486.43	5307.4655	9.1	1
64	547.45	5310.2665	12.9	1
64	585.44	5312.0018	142.3	1
64	597.08	5312.5288	67.5	1
64	656.11	5315.2278	6.3	1
64	706.43	5317.4944	29.7	1
64	727.09	5318.4268	4.4	1
64	779.07	5320.7699	7.7	1
64	826.54	5322.8988	6.2	1
64	876.74	5325.1438	13.1	1
64	883.21	5325.4317	14.1	1
64	902.1	5326.2774	26.6	1
64	987.81	5330.0804	22.6	1
64	1145.57	5337.0154	7.5	1
64	1225.56	5340.4982	11.4	1
64	1336.59	5345.3117	9.2	1
64	1398.48	5347.9714	30.9	1
64	1422.52	5349.0054	10.6	1
64	1433.22	5349.4608	11.6	1
64	1472.2	5351.1265	32.1	1
64	1488.95	5351.8365	10.1	1
64	1553.89	5354.6016	12.2	1
64	1578.18	5355.6365	13.4	1
64	1685.19	5360.1501	58.2	1
64	1709.1	5361.1556	16.5	1
64	1743.02	5362.5751	26.5	1
64	1812.38	5365.4705	3.1	1
64	1938.64	5370.7096	15.9	1
64	1987.07	5372.7027	17.2	1
64	2006.42	5373.4943	8.5	1
64	2038.67	5374.8219	43.2	1
64	2051.61	5375.3526	17.1	1
64	2061.7	5375.7688	7.5	1
64	2070.67	5376.1304	8.2	1
64	2086.28	5376.7809	18.2	1
64	2143.64	5379.1105	55.7	1
64	2199.32	5381.3709	3.3	1
64	2237.92	5382.9276	10.6	1
64	2265.34	5384.0356	5.9	1
64	2364.99	5388.0507	4.6	1
64	2478.27	5392.5726	3.3	1
64	2504.14	5393.5995	1.0	1
64	2513.09	5393.9719	2.5	1
64	2533.08	5394.7608	8.1	1
65	12.49	5203.8479	1.1	1
65	40.28	5205.1522	2.7	1
65	96.63	5207.8015	1.3	1
65	137.87	5209.7246	8.6	1
65	170.23	5211.2305	50.3	1
65	215.96	5213.3492	18.6	1
65	328.11	5218.5271	4.2	1
65	340.75	5219.1099	44.3	1
65	388.07	5221.271	10.1	1
65	540.96	5228.2246	11.7	1
65	557.97	5228.9951	4.3	1
65	652.08	5233.2254	12.7	1
65	777.46	5238.8137	48.9	1
65	794.04	5239.552	49.9	1
65	808.64	5240.1968	17.8	1
65	978.27	5247.6547	70.6	1
65	1052.22	5250.8727	10.9	1
65	1111.59	5253.4441	8.2	1
65	1266.29	5260.1041	51.4	1
65	1298.43	5261.472	19.3	1
65	1362.96	5264.2332	7.2	1
65	1394.32	5265.5514	9.5	1
65	1421.63	5266.7103	152.1	1
65	1506.04	5270.266	15.0	1
65	1569.63	5272.927	22.4	1
65	1598.01	5274.1188	52.6	1
65	1652.74	5276.4089	4.9	1
65	1670.83	5277.146	14.5	1
65	1679.29	5277.5002	24.9	1
65	1765.56	5281.0687	37.0	1
65	1779.14	5281.6285	14.2	1
65	1907.34	5286.887	16.7	1
65	2028.62	5291.8163	18.0	1
65	2092.51	5294.3971	21.1	1
65	2109.71	5295.0886	4.0	1
65	2139.47	5296.2787	30.0	1
65	2189.26	5298.2824	28.8	1
65	2245.46	5300.5234	15.6	1
65	2408.47	5306.9864	2.8	1
65	2420.54	5307.4655	3.6	1
65	2491.72	5310.2665	2.3	1
65	2535.82	5312.0018	11.9	1
65	2549.3	5312.5288	4.0	1
66	90.28	5128.4897	4.7	1
66	146.32	5131.072	1.2	1
66	226.25	5134.746	14.1	1
66	256.31	5136.121	2.1	1
66	286.06	5137.4733	6.2	1
66	358.56	5140.7736	9.8	1
66	381.1	5141.7827	105.3	1
66	428.38	5143.9165	32.9	1
66	459.43	5145.3083	74.7	1
66	476.06	5146.0557	4.7	1
66	524.26	5148.2115	8.5	1
66	546.53	5149.2069	5.5	1
66	600.57	5151.612	120.7	1
66	659.96	5154.243	135.3	1
66	826.13	5161.5396	48.8	1
66	843.27	5162.2846	92.8	1
66	870.18	5163.4584	105.5	1
66	923.48	5165.7728	47.3	1
66	996.48	5168.9225	16.4	1
66	1133.37	5174.7988	11.8	1
66	1145.97	5175.3248	29.2	1
66	1167.18	5176.2292	16.2	1
66	1184.48	5176.961	150.3	1
66	1316.04	5182.5269	11.1	1
66	1350.92	5183.9896	12.7	1
66	1362.04	5184.4534	14.9	1
66	1408.78	5186.4132	15.5	1
66	1431.03	5187.3374	46.5	1
66	1440.76	5187.7462	141.7	1
66	1515.87	5190.872	20.0	1
66	1602.75	5194.4576	51.6	1
66	1635.73	5195.8136	154.9	1
66	1670.41	5197.236	8.0	1
66	1708.68	5198.7999	79.3	1
66	1717.69	5199.1637	295.8	1
66	1832.68	5203.8479	8.5	1
66	1864.96	5205.1522	18.4	1
66	1930.5	5207.8015	5.8	1
66	1978.54	5209.7246	34.5	1
66	2069.39	5213.3492	50.4	1
66	2199.88	5218.5271	6.1	1
66	2214.62	5219.1099	60.9	1
66	2260.64	5220.9263	7.9	1
66	2269.72	5221.271	19.8	1
66	2447.67	5228.2246	3.1	1
66	2467.42	5228.9951	1.0	1
66	2523.21	5231.1597	30.9	1
67	45.7	5049.796	10.8	1
67	67.22	5050.7842	9.5	1
67	91.38	5051.8887	4.6	1
67	225.52	5057.9866	4.5	1
67	267.25	5059.8611	15.1	1
67	315.58	5062.0371	88.2	1
67	335.44	5062.9325	3.5	1
67	348.6	5063.5157	6.4	1
67	359.64	5063.9988	6.6	1
67	373.07	5064.602	39.3	1
67	380.7	5064.9454	54.7	1
67	407.3	5066.1355	12.1	1
67	421.82	5066.7773	7.2	1
67	429.74	5067.1379	5.9	1
67	479.35	5069.3384	3.5	1
67	600.01	5074.6465	3.5	1
67	618.52	5075.4659	2.9	1
67	720.71	5079.9079	4.1	1
67	755.94	5081.4462	16.2	1
67	837.98	5084.9935	12.3	1
67	865.72	5086.1774	3.3	1
67	936.6	5089.2192	2.7	1
67	956.22	5090.0513	7.8	1
67	1074.21	5095.0639	13.5	1
67	1107.76	5096.4848	85.9	1
67	1144.76	5098.0432	18.2	1
67	1206.14	5100.6211	115.9	1
67	1218.4	5101.1299	22.3	1
67	1425.58	5109.7331	9.3	1
67	1463.12	5111.2781	38.0	1
67	1632.57	5118.2023	23.7	1
67	1739.33	5122.4995	16.0	1
67	1888.77	5128.4897	26.5	1
67	1932.43	5130.2338	4.5	1
67	2046.66	5134.746	38.9	1
67	2081.45	5136.121	5.1	1
67	2116.06	5137.4733	13.1	1
67	2200.23	5140.7736	13.9	1
67	2226.49	5141.7827	127.9	1
67	2281.42	5143.9165	30.1	1
67	2336.78	5146.0557	3.0	1
67	2392.75	5148.2115	3.5	1
67	2418.56	5149.2069	1.9	1
67	2481.34	5151.612	20.9	1
68	38.35	4975.0917	0.3	1
68	71.66	4976.5938	0.4	1
68	151.31	4980.1859	4.4	1
68	168.11	4980.9513	1.2	1
68	202.65	4982.4875	8.6	1
68	267.37	4985.3725	25.9	1
68	280.43	4985.9486	1.5	1
68	307.38	4987.147	2.5	1
68	316.65	4987.5582	2.0	1
68	356.14	4989.3086	12.9	1
68	420.11	4992.1257	1.9	1
68	431.48	4992.6372	3.1	1
68	457.35	4993.7488	7.9	1
68	599.15	4999.9398	3.1	1
68	606.37	5000.2463	2.9	1
68	649.07	5002.0972	148.5	1
68	683.87	5003.5981	10.9	1
68	790.79	5008.1897	2.4	1
68	832.29	5009.9367	5.4	1
68	843.2	5010.4174	3.7	1
68	868.35	5011.4774	4.1	1
68	972.85	5015.8893	12.8	1
68	987.99	5016.5356	8.2	1
68	1024.08	5018.0535	6.5	1
68	1066.14	5019.8062	65.7	1
68	1083.78	5020.5458	4.5	1
68	1100.89	5021.2531	4.0	1
68	1159.8	5023.7084	9.6	1
68	1279.47	5028.6556	192.9	1
68	1309.68	5029.8916	43.8	1
68	1442.79	5035.3375	4.7	1
68	1477.04	5036.7284	5.3	1
68	1539.19	5039.2303	183.0	1
68	1575.31	5040.6805	16.5	1
68	1586.2	5041.1224	14.4	1
68	1598.09	5041.5998	10.2	1
68	1645.74	5043.5145	7.3	1
68	1675.99	5044.7195	292.7	1
68	1689.22	5045.2481	39.0	1
68	1716.9	5046.3527	9.0	1
68	1734.28	5047.0434	71.3	1
68	1803.72	5049.796	93.6	1
68	1828.62	5050.7842	71.1	1
68	1856.64	5051.8887	30.9	1
68	1944.32	5055.3473	25.2	1
68	2012.04	5057.9866	14.4	1
68	2060.39	5059.8611	37.1	1
68	2139.42	5062.9325	6.2	1
68	2154.69	5063.5157	10.3	1
68	2182.97	5064.602	56.2	1
68	2191.94	5064.9454	73.5	1
68	2222.71	5066.1355	13.8	1
68	2239.57	5066.7773	7.7	1
68	2248.7	5067.1379	5.9	1
68	2270.72	5067.9737	168.1	1
68	2306.16	5069.3384	2.5	1
68	2446.02	5074.6465	0.8	1
68	2467.42	5075.4659	0.5	1
69	20.01	4902.0545	2.4	1
69	36.63	4902.7943	1.0	1
69	80.51	4904.7516	10.3	1
69	202.22	4910.1576	5.1	1
69	216.6	4910.7929	3.1	1
69	229.99	4911.3787	3.0	1
69	244.77	4912.0428	0.8	1
69	256.03	4912.5293	4.0	1
69	277.43	4913.4789	0.7	1
69	376.76	4917.822	0.9	1
69	464.19	4921.6134	7.7	1
69	495.14	4922.9442	3.2	1
69	529.44	4924.4223	4.8	1
69	596.21	4927.2988	3.7	1
69	607.42	4927.7803	25.5	1
69	637.86	4929.086	6.2	1
69	659.04	4929.985	4.2	1
69	734.97	4933.2091	129.4	1
69	750.08	4933.8521	9.9	1
69	819.52	4936.7746	25.2	1
69	844.53	4937.8295	38.5	1
69	887.74	4939.6422	124.3	1
69	930.2	4941.416	4.5	1
69	969.44	4943.0642	75.4	1
69	1027.44	4945.4587	184.2	1
69	1056.56	4946.6637	24.7	1
69	1078.38	4947.5752	15.0	1
69	1143.6	4950.2513	8.7	1
69	1152.93	4950.6264	19.6	1
69	1203.39	4952.6908	5.9	1
69	1316.6	4957.2963	7.3	1
69	1336.24	4958.0988	6.7	1
69	1417.64	4961.3814	2.5	1
69	1426.2	4961.726	13.1	1
69	1526.21	4965.7315	35.6	1
69	1559.45	4967.0628	1.7	1
69	1574.4	4967.6529	2.3	1
69	1602.18	4968.7556	11.4	1
69	1635.33	4970.0785	16.2	1
69	1688.35	4972.1597	71.6	1
69	1762.73	4975.0917	2.3	1
69	1784.95	4975.9485	4.0	1
69	1801.36	4976.5938	2.5	1
69	1893.48	4980.1859	24.3	1
69	1912.9	4980.9513	5.5	1
69	1952.81	4982.4875	33.9	1
69	1980.11	4983.5324	1.5	1
69	2027.64	4985.3725	72.0	1
69	2042.72	4985.9486	3.8	1
69	2073.83	4987.147	5.5	1
69	2084.65	4987.5582	4.2	1
69	2130.3	4989.3086	22.5	1
69	2204.37	4992.1257	2.3	1
69	2217.46	4992.6372	3.5	1
69	2411.3	4999.9398	0.9	1
69	2419.72	5000.2463	0.8	1
69	2469.13	5002.0972	24.1	1
69	2509.34	5003.5981	0.9	1
70	13.39	4831.5975	3.1	1
70	40.71	4832.8025	2.2	1
70	223.52	4840.8492	42.1	1
70	322.88	4845.1626	4.6	1
70	397.03	4848.3625	49.1	1
70	432.04	4849.8617	5.7	1
70	445.49	4850.4397	12.3	1
70	502.24	4852.8685	11.1	1
70	519.62	4853.6087	0.8	1
70	612.25	4857.5385	2.6	1
70	630.92	4858.3327	7.2	1
70	699.57	4861.2167	17.9	1
70	711.42	4861.7173	14.4	1
70	746.01	4863.1724	96.8	1
70	801.44	4865.4775	184.9	1
70	811.92	4865.91	84.7	1
70	851.39	4867.556	12.3	1
70	883.43	4868.8814	27.2	1
70	941.72	4871.289	18.1	1
70	981.38	4872.9169	124.4	1
70	1016.6	4874.3645	54.2	1
70	1105.88	4878.0094	55.6	1
70	1123.68	4878.733	229.7	1
70	1151.56	4879.8635	2164.0	1
70	1184.64	4881.2046	26.6	1
70	1200.76	4881.8531	8.3	1
70	1210.41	4882.2432	40.5	1
70	1325.62	4886.8661	2.5	1
70	1379.88	4889.0422	369.5	1
70	1391.15	4889.4903	13.7	1
70	1415.44	4890.4582	11.9	1
70	1445.62	4891.6606	3.5	1
70	1473.6	4892.7592	15.6	1
70	1490.8	4893.4453	12.6	1
70	1626.89	4898.8044	5.5	1
70	1638.49	4899.2401	14.9	1
70	1729.32	4902.7943	12.5	1
70	1779.92	4904.7516	101.1	1
70	1843.5	4907.2093	5.7	1
70	1920.4	4910.1576	23.0	1
70	1937.09	4910.7929	13.2	1
70	1952.44	4911.3787	11.4	1
70	1969.4	4912.0428	2.7	1
70	1982.51	4912.5293	13.0	1
70	2007.04	4913.4789	2.0	1
70	2174.95	4919.8157	88.3	1
70	2222.76	4921.6134	7.8	1
70	2298.05	4924.4223	3.2	1
70	2375.2	4927.2988	1.5	1
70	2388.18	4927.7803	9.1	1
70	2423.36	4929.086	1.6	1
70	2447.66	4929.985	0.9	1
71	46.49	4764.8646	145.7	1
71	63.1	4765.595	1.2	1
71	86.15	4766.6006	5.7	1
71	239.09	4773.241	1.6	1
71	287.48	4775.313	2.5	1
71	298.63	4775.794	3.1	1
71	321.77	4776.7792	0.6	1
71	331.31	4777.1915	3.2	1
71	414.72	4780.7505	2.1	1
71	462.24	4782.7612	3.1	1
71	551.68	4786.531	9.0	1
71	566.32	4787.148	13.4	1
71	619.75	4789.3868	73.4	1
71	645.2	4790.4373	1.5	1
71	684.36	4792.0819	7.8	1
71	712.47	4793.2446	8.7	1
71	777.01	4795.9131	12.1	1
71	880.49	4800.1724	5.6	1
71	901.81	4801.0517	1.5	1
71	941.88	4802.6714	2.2	1
71	973.4	4803.9559	3.1	1
71	1076.63	4808.1337	263.4	1
71	1113.4	4809.614	82.9	1
71	1182.3	4812.3755	14.4	1
71	1198.03	4813.0069	12.9	1
71	1220.05	4813.8963	59.4	1
71	1298.77	4817.0206	7.8	1
71	1340.07	4818.6477	8.2	1
71	1353.86	4819.193	14.6	1
71	1386.15	4820.4649	12.0	1
71	1396.76	4820.8847	52.5	1
71	1414.67	4821.5878	59.0	1
71	1446.94	4822.8548	188.3	1
71	1466.09	4823.6058	63.4	1
71	1476.2	4823.9967	30.8	1
71	1492.73	4824.6484	2.7	1
71	1545.39	4826.7004	108.4	1
71	1595.75	4828.6596	2.2	1
71	1625.32	4829.7973	11.9	1
71	1659.52	4831.1213	194.3	1
71	1671.8	4831.5975	61.3	1
71	1693.34	4832.4233	2.6	1
71	1703.16	4832.8025	33.1	1
71	1823.37	4837.4121	2.2	1
71	1848.37	4838.3546	2.1	1
71	1904.12	4840.4744	11.7	1
71	1948.58	4842.1676	2.7	1
71	2028.36	4845.1626	12.1	1
71	2099.02	4847.8095	293.3	1
71	2113.73	4848.3625	81.1	1
71	2154.1	4849.8617	7.7	1
71	2169.57	4850.4397	15.8	1
71	2234.98	4852.8685	9.6	1
71	2255.12	4853.6087	0.7	1
71	2361.71	4857.5385	1.1	1
71	2383.21	4858.3327	2.5	1
71	2462.32	4861.2167	2.7	1
71	2475.89	4861.7173	1.8	1
72	82.87	4700.1402	0.4	1
72	97.57	4700.7711	0.4	1
72	133.48	4702.3161	7.2	1
72	157.53	4703.3581	1.5	1
72	172.4	4703.9898	44.7	1
72	213.61	4705.7606	2.8	1
72	225.39	4706.2511	0.7	1
72	273.23	4708.294	3.8	1
72	333.06	4710.8238	1.5	1
72	360.89	4712.0056	0.9	1
72	372.05	4712.4814	10.1	1
72	380.69	4712.8408	3.1	1
72	424.43	4714.6715	0.8	1
72	489.16	4717.3905	1.1	1
72	538.41	4719.4424	1.2	1
72	562.79	4720.4586	4.8	1
72	582.62	4721.2765	10.2	1
72	590.11	4721.591	17.2	1
72	602.14	4722.0886	16.2	1
72	634.79	4723.4382	205.8	1
72	667.41	4724.7723	5.1	1
72	741.9	4727.8491	2.3	1
72	749.12	4728.133	4.3	1
72	773.41	4729.1282	43.5	1
72	792.02	4729.8795	4.7	1
72	845.31	4732.0532	167.8	1
72	894.48	4734.0458	3.5	1
72	990.62	4737.9172	3.6	1
72	1034.51	4739.6764	32.9	1
72	1055.94	4740.5292	48.9	1
72	1066.53	4740.9585	31.5	1
72	1106.97	4742.5671	4.6	1
72	1135.34	4743.687	16.5	1
72	1176.62	4745.3375	12.5	1
72	1234.26	4747.6176	2.4	1
72	1274.82	4749.2002	79.5	1
72	1294.28	4749.9713	33.8	1
72	1356.96	4752.4141	61.2	1
72	1480.66	4757.2196	8.7	1
72	1666.3	4764.3463	54.4	1
72	1679.89	4764.8646	2600.5	1
72	1699.08	4765.595	18.6	1
72	1725.52	4766.6006	73.4	1
72	1901.46	4773.241	7.7	1
72	1957.02	4775.313	9.1	1
72	1969.83	4775.794	10.3	1
72	1996.42	4776.7792	1.7	1
72	2007.43	4777.1915	8.7	1
72	2103.31	4780.7505	3.6	1
72	2157.93	4782.7612	4.0	1
72	2260.98	4786.531	6.5	1
72	2277.71	4787.148	8.5	1
72	2319.86	4788.6781	0.6	1
72	2339.21	4789.3868	32.1	1
72	2368.25	4790.4373	0.6	1
72	2413.58	4792.0819	1.9	1
72	2445.75	4793.2446	1.4	1
72	2519.81	4795.9131	0.5	1
73	39.38	4633.7657	0.7	1
73	120.54	4637.2328	8.3	1
73	141.42	4638.1259	0.5	1
73	154.61	4638.6849	2.0	1
73	297.16	4644.7072	1.2	1
73	357.94	4647.2509	5.7	1
73	429.62	4650.2343	5.1	1
73	461.54	4651.5552	6.8	1
73	472.04	4651.9895	3.2	1
73	549.94	4655.2126	3.4	1
73	656.52	4659.5698	4.0	1
73	676.48	4660.3941	1.7	1
73	730.86	4662.5936	2.1	1
73	745.95	4663.2026	40.6	1
73	789.54	4664.9704	3.2	1
73	815.43	4666.005	8.9	1
73	828.17	4666.5158	18.3	1
73	835.13	4666.7985	24.5	1
73	869.34	4668.1716	42.0	1
73	914.63	4669.9842	54.4	1
73	976.07	4672.4372	2.4	1
73	1050.36	4675.376	7.4	1
73	1067.7	4676.0555	53.9	1
73	1090.77	4676.9721	5.0	1
73	1122.9	4678.2352	6.2	1
73	1174.2	4680.2377	10.7	1
73	1184.24	4680.646	9.6	1
73	1237.84	4682.7322	1.9	1
73	1253.82	4683.3517	25.7	1
73	1327.08	4686.1946	98.7	1
73	1442.05	4690.6219	36.2	1
73	1532.79	4694.0914	42.4	1
73	1557.57	4695.0381	109.5	1
73	1568.64	4695.4542	11.9	1
73	1641.97	4698.2248	7.5	1
73	1692.67	4700.1402	5.2	1
73	1709.36	4700.7711	5.9	1
73	1750.52	4702.3161	76.8	1
73	1778.18	4703.3581	13.6	1
73	1795.23	4703.9898	370.6	1
73	1830.13	4705.2986	1.2	1
73	1842.61	4705.7606	17.7	1
73	1856.0	4706.2511	3.9	1
73	1910.92	4708.294	16.0	1
73	1979.65	4710.8238	4.3	1
73	2011.29	4712.0056	2.3	1
73	2024.37	4712.4814	23.6	1
73	2034.34	4712.8408	7.2	1
73	2084.37	4714.6715	1.5	1
73	2158.66	4717.3905	1.4	1
73	2215.35	4719.4424	1.2	1
73	2243.45	4720.4586	3.7	1
73	2266.18	4721.2765	6.8	1
73	2274.74	4721.591	10.9	1
73	2288.51	4722.0886	8.9	1
73	2326.03	4723.4382	90.8	1
73	2449.01	4727.8491	0.4	1
73	2457.27	4728.133	0.6	1
73	2484.91	4729.1282	3.6	1
73	2506.21	4729.8795	0.2	1
74	38.58	4570.9722	1.3	1
74	237.36	4579.3495	94.3	1
74	248.7	4579.8272	1.9	1
74	281.19	4581.1732	1.2	1
74	456.59	4588.4261	17.8	1
74	560.51	4592.666	18.3	1
74	584.32	4593.6437	3.2	1
74	628.47	4595.4206	78.4	1
74	645.19	4596.0967	32.1	1
74	711.39	4598.7627	100.5	1
74	735.03	4599.7046	2.9	1
74	820.94	4603.1446	10.7	1
74	927.58	4607.378	3.0	1
74	941.78	4607.9347	11.4	1
74	959.22	4608.6201	10.1	1
74	1010.24	4610.6272	4.1	1
74	1041.61	4611.8597	6.7	1
74	1059.42	4612.5435	4.6	1
74	1086.47	4613.6044	14.6	1
74	1122.97	4615.024	10.9	1
74	1130.87	4615.334	15.2	1
74	1197.48	4617.9065	1.1	1
74	1258.01	4620.2408	6.2	1
74	1281.54	4621.1629	21.9	1
74	1306.51	4622.1209	2.4	1
74	1333.0	4623.1169	2.6	1
74	1363.94	4624.314	6.9	1
74	1389.48	4625.2747	2.0	1
74	1394.99	4625.4938	2.9	1
74	1442.5	4627.298	11.7	1
74	1472.69	4628.4409	42.5	1
74	1614.13	4633.7657	19.5	1
74	1706.97	4637.2328	117.9	1
74	1730.91	4638.1259	5.2	1
74	1746.04	4638.6849	23.0	1
74	1909.48	4644.7072	4.6	1
74	1978.98	4647.2509	16.3	1
74	2061.14	4650.2343	10.1	1
74	2097.67	4651.5552	10.9	1
74	2109.83	4651.9895	4.8	1
74	2321.01	4659.5698	1.7	1
74	2406.22	4662.5936	0.5	1
74	2423.58	4663.2026	7.2	1
74	2473.46	4664.9704	0.3	1
74	2502.94	4666.005	0.5	1
74	2517.36	4666.5158	0.6	1
75	58.62	4510.7332	9.1	1
75	100.27	4512.4832	0.2	1
75	118.05	4513.2231	0.7	1
75	128.99	4513.6799	0.9	1
75	149.96	4514.5503	0.2	1
75	163.51	4515.1182	5.4	1
75	263.43	4519.2592	2.4	1
75	310.52	4521.1939	8.7	1
75	323.49	4521.7407	0.2	1
75	337.85	4522.323	9.6	1
75	382.11	4524.1289	0.4	1
75	399.55	4524.8379	0.7	1
75	477.78	4528.0208	0.7	1
75	501.27	4528.974	0.3	1
75	540.3	4530.5523	19.3	1
75	568.88	4531.7134	0.7	1
75	582.67	4532.2577	1.8	1
75	629.04	4534.1198	2.6	1
75	657.53	4535.2546	15.4	1
75	675.48	4535.9798	2.3	1
75	717.41	4537.6426	7.1	1
75	802.14	4540.999	25.1	1
75	828.71	4542.0513	1.1	1
75	875.08	4543.8692	5.7	1
75	927.34	4545.9156	29.3	1
75	961.23	4547.2498	8.0	1
75	974.6	4547.7589	16.0	1
75	989.33	4548.3261	2.3	1
75	1070.6	4551.4736	4.1	1
75	1088.17	4552.1536	13.2	1
75	1131.88	4553.8376	1.2	1
75	1183.21	4555.8127	55.0	1
75	1198.06	4556.3872	2.9	1
75	1249.5	4558.3458	8.6	1
75	1274.9	4559.312	2.1	1
75	1328.6	4561.3477	25.6	1
75	1347.94	4562.0803	3.4	1
75	1358.22	4562.4756	1.8	1
75	1409.49	4564.4054	36.7	1
75	1420.88	4564.8354	10.1	1
75	1484.98	4567.2403	30.5	1
75	1509.16	4568.1426	8.8	1
75	1519.37	4568.5235	2.5	1
75	1585.07	4570.9722	49.4	1
75	1591.65	4571.2195	3.3	1
75	1658.88	4573.7038	4.5	1
75	1667.54	4574.0279	2.0	1
75	1825.59	4579.8272	12.5	1
75	1862.78	4581.1732	6.8	1
75	2063.29	4588.4261	33.6	1
75	2182.21	4592.666	17.7	1
75	2259.98	4595.4206	48.8	1
75	2279.2	4596.0967	17.5	1
75	2354.75	4598.7627	31.5	1
75	2479.92	4603.1446	0.8	1
76	17.29	4449.5206	0.2	1
76	90.52	4452.5655	1.1	1
76	143.93	4454.7738	0.6	1
76	203.69	4457.2362	0.3	1
76	222.23	4458.0015	4.7	1
76	284.63	4460.5574	1.9	1
76	308.68	4461.5278	4.4	1
76	361.39	4463.666	1.7	1
76	402.49	4465.3406	2.3	1
76	476.54	4468.3208	0.9	1
76	506.54	4469.5253	5.8	1
76	543.21	4470.9906	1.8	1
76	637.99	4474.7594	134.1	1
76	649.7	4475.2214	12.0	1
76	735.19	4478.5958	5.5	1
76	761.87	4479.6376	3.2	1
76	856.75	4483.3468	12.4	1
76	948.33	4486.8973	42.6	1
76	963.82	4487.4955	12.1	1
76	984.86	4488.3123	4.1	1
76	994.5	4488.6803	14.3	1
76	1020.16	4489.6645	11.5	1
76	1054.58	4490.9816	32.9	1
76	1116.07	4493.3337	445.9	1
76	1151.74	4494.6907	2.7	1
76	1166.35	4495.2378	1.1	1
76	1194.7	4496.3155	2.1	1
76	1236.61	4497.9144	5.0	1
76	1253.41	4498.5384	25.2	1
76	1264.07	4498.9401	49.5	1
76	1291.7	4499.9832	33.5	1
76	1307.59	4500.5769	1.2	1
76	1370.28	4502.9268	41.8	1
76	1415.86	4504.6306	1.7	1
76	1431.63	4505.2167	22.3	1
76	1628.49	4512.4832	3.0	1
76	1648.65	4513.2231	14.8	1
76	1661.14	4513.6799	15.7	1
76	1671.34	4514.0573	1.3	1
76	1684.88	4514.5503	0.9	1
76	1700.53	4515.1182	73.9	1
76	1714.44	4515.6274	1.2	1
76	1753.5	4517.0352	1.2	1
76	1814.62	4519.2592	15.8	1
76	1868.46	4521.1939	42.2	1
76	1883.26	4521.7407	0.8	1
76	1899.64	4522.323	38.6	1
76	1912.33	4522.7839	1.1	1
76	1949.97	4524.1289	1.4	1
76	1969.91	4524.8379	1.8	1
76	1987.04	4525.4456	0.6	1
76	2003.39	4526.0286	0.6	1
76	2059.41	4528.0208	1.3	1
76	2086.1	4528.974	0.5	1
76	2130.71	4530.5523	23.9	1
76	2163.41	4531.7134	0.9	1
76	2179.33	4532.2577	1.6	1
76	2232.14	4534.1198	1.8	1
76	2285.16	4535.9798	1.2	1
76	2333.12	4537.6426	2.5	1
76	2429.83	4540.999	3.5	1
76	2512.71	4543.8692	0.2	1
77	207.91	4399.406	0.2	1
77	224.79	4400.0968	8.3	1
77	246.78	4400.9863	22.8	1
77	261.53	4401.581	2.4	1
77	278.02	4402.2452	0.4	1
77	294.68	4402.9271	5.8	1
77	443.14	4408.8828	24.7	1
77	468.59	4409.8991	1.0	1
77	584.5	4414.4863	7.9	1
77	629.1	4416.237	1.7	1
77	644.43	4416.8447	5.0	1
77	764.9	4421.5439	2.7	1
77	777.84	4422.0479	5.9	1
77	821.15	4423.7202	5.4	1
77	849.81	4424.8373	3.1	1
77	974.75	4429.6348	1.8	1
77	989.6	4430.189	250.8	1
77	1010.8	4430.9963	80.1	1
77	1043.84	4432.2523	9.6	1
77	1062.52	4432.9628	13.1	1
77	1085.67	4433.838	87.6	1
77	1115.14	4434.9564	6.7	1
77	1150.51	4436.2844	2.9	1
77	1169.52	4436.9961	2.3	1
77	1216.14	4438.7464	7.9	1
77	1235.19	4439.4614	66.8	1
77	1246.38	4439.8793	15.2	1
77	1272.81	4440.8659	6.9	1
77	1292.79	4441.6084	5.6	1
77	1332.4	4443.0863	2.6	1
77	1348.16	4443.6657	7.4	1
77	1408.41	4445.9012	36.5	1
77	1444.52	4447.2296	2.1	1
77	1460.96	4447.8346	6.0	1
77	1506.84	4449.5206	6.5	1
77	1541.87	4450.804	6.8	1
77	1590.34	4452.5655	35.8	1
77	1651.13	4454.7738	12.4	1
77	1719.13	4457.2362	2.9	1
77	1740.57	4458.0015	47.4	1
77	1811.78	4460.5574	12.6	1
77	1839.03	4461.5278	24.8	1
77	1899.19	4463.666	7.1	1
77	1946.07	4465.3406	7.5	1
77	2030.38	4468.3208	1.9	1
77	2064.67	4469.5253	10.2	1
77	2106.48	4470.9906	2.5	1
77	2214.59	4474.7594	99.2	1
77	2227.97	4475.2214	8.4	1
77	2325.46	4478.5958	1.9	1
77	2374.04	4480.2661	0.2	1
77	2463.77	4483.3468	0.9	1
78	22.28	4335.3379	0.7	1
78	69.62	4337.2774	0.7	1
78	158.6	4340.8954	0.3	1
78	197.1	4342.4442	1.4	1
78	220.53	4343.3817	0.2	1
78	234.67	4343.9515	0.5	1
78	264.74	4345.168	6.2	1
78	296.34	4346.4367	2.0	1
78	362.4	4349.0722	3.0	1
78	392.68	4350.2717	0.4	1
78	441.44	4352.2049	14.0	1
78	451.84	4352.6122	1.7	1
78	472.8	4353.4487	5.3	1
78	499.38	4354.4824	1.0	1
78	520.62	4355.3205	0.9	1
78	539.08	4356.0445	0.9	1
78	578.98	4357.6132	1.3	1
78	597.22	4358.32	3.5	1
78	624.18	4359.3719	3.4	1
78	644.38	4360.1672	1.3	1
78	658.67	4360.7178	0.8	1
78	674.15	4361.3071	1.1	1
78	693.6	4362.0662	21.8	1
78	704.15	4362.4721	1.2	1
78	738.33	4363.7945	3.5	1
78	793.84	4365.9301	15.5	1
78	821.09	4366.9657	1.2	1
78	843.51	4367.8316	66.0	1
78	897.06	4369.8756	15.4	1
78	935.36	4371.329	94.3	1
78	966.06	4372.49	4.8	1
78	1009.15	4374.1239	82.0	1
78	1057.85	4375.9542	108.4	1
78	1073.1	4376.5309	2.5	1
78	1117.15	4378.1768	53.8	1
78	1157.12	4379.6668	234.5	1
78	1173.62	4380.2863	2.9	1
78	1203.6	4381.4018	7.9	1
78	1216.04	4381.8601	47.5	1
78	1302.52	4385.0566	108.6	1
78	1409.2	4388.968	1.4	1
78	1467.79	4391.1105	65.3	1
78	1519.18	4392.974	15.4	1
78	1540.8	4393.759	5.1	1
78	1606.95	4396.1394	3.5	1
78	1616.03	4396.4783	2.8	1
78	1697.83	4399.406	2.0	1
78	1717.08	4400.0968	94.3	1
78	1758.84	4401.581	21.2	1
78	1777.47	4402.2452	3.1	1
78	1796.63	4402.9271	41.0	1
78	1965.54	4408.8828	70.0	1
78	1994.51	4409.8991	2.2	1
78	2101.53	4413.6324	1.0	1
78	2126.43	4414.4863	9.9	1
78	2194.64	4416.8447	4.4	1
78	2240.2	4418.4157	0.9	1
78	2331.8	4421.5439	0.9	1
78	2346.66	4422.0479	1.7	1
78	2395.76	4423.7202	1.0	1
78	2428.56	4424.8373	0.4	1
78	2462.92	4426.0011	34.5	1
79	86.53	4282.8976	0.4	1
79	190.25	4287.0808	0.2	1
79	230.14	4288.6688	0.5	1
79	309.06	4291.8098	1.0	1
79	358.41	4293.7698	0.2	1
79	404.82	4295.5849	0.5	1
79	448.68	4297.3066	1.9	1
79	534.28	4300.6495	11.6	1
79	582.68	4302.5261	1.6	1
79	620.24	4303.9892	0.9	1
79	645.55	4304.9565	1.5	1
79	682.1	4306.3668	1.4	1
79	703.37	4307.1762	8.6	1
79	728.04	4308.122	3.3	1
79	740.42	4308.6001	1.7	1
79	824.56	4311.7994	4.7	1
79	856.13	4312.9975	56.7	1
79	864.73	4313.3084	1.3	1
79	891.24	4314.3195	3.3	1
79	916.07	4315.2543	19.4	1
79	938.55	4316.1094	1.7	1
79	1000.23	4318.4157	6.4	1
79	1018.76	4319.0973	0.9	1
79	1046.19	4320.1264	7.5	1
79	1184.99	4325.2741	4.4	1
79	1200.63	4325.8599	2.2	1
79	1251.33	4327.7145	1.7	1
79	1284.25	4328.9154	26.2	1
79	1325.17	4330.412	2.5	1
79	1346.89	4331.1995	215.1	1
79	1369.67	4332.0297	46.3	1
79	1461.06	4335.3379	74.2	1
79	1514.91	4337.2774	48.0	1
79	1616.18	4340.8954	8.5	1
79	1659.59	4342.4442	24.1	1
79	1685.92	4343.3817	2.6	1
79	1702.06	4343.9515	5.2	1
79	1712.86	4344.3265	10.7	1
79	1736.5	4345.168	60.1	1
79	1772.38	4346.4367	16.2	1
79	1833.88	4348.5982	3.3	1
79	1847.51	4349.0722	15.7	1
79	1881.84	4350.2717	1.8	1
79	1937.27	4352.2049	45.5	1
79	1949.15	4352.6122	5.1	1
79	1972.97	4353.4487	15.0	1
79	2003.08	4354.4824	2.2	1
79	2027.28	4355.3205	1.7	1
79	2048.07	4356.0445	1.6	1
79	2093.47	4357.6132	1.8	1
79	2114.31	4358.32	4.7	1
79	2144.88	4359.3719	3.8	1
79	2168.04	4360.1672	1.3	1
79	2223.86	4362.0662	15.5	1
79	2235.56	4362.4721	0.8	1
79	2274.74	4363.7945	1.6	1
79	2337.8	4365.9301	4.6	1
79	2394.2	4367.8316	12.0	1
79	2455.03	4369.8756	1.1	1
79	2481.01	4370.7532	11.4	1
80	24.55	4226.7267	1.0	1
80	60.26	4228.158	0.8	1
80	243.47	4235.4636	3.2	1
80	288.0	4237.2198	8.2	1
80	386.95	4241.0948	0.4	1
80	442.18	4243.2611	0.3	1
80	554.81	4247.5988	0.5	1
80	603.27	4249.4761	0.4	1
80	625.48	4250.3146	23.1	1
80	648.25	4251.1846	9.7	1
80	710.02	4253.5385	2.2	1
80	754.98	4255.2373	1.8	1
80	781.64	4256.2537	6.6	1
80	814.69	4257.4963	30.9	1
80	841.97	4258.5204	3.8	1
80	890.3	4260.333	4.1	1
80	907.49	4260.9845	1.2	1
80	915.77	4261.2754	0.8	1
80	951.27	4262.6124	1.3	1
80	971.41	4263.3561	0.9	1
80	1050.7	4266.2864	93.4	1
80	1083.87	4267.5191	2.1	1
80	1126.06	4269.0639	1.1	1
80	1149.99	4269.9426	3.7	1
80	1230.32	4272.8745	6.1	1
80	1243.58	4273.3574	11.1	1
80	1261.97	4274.0246	3.0	1
80	1293.28	4275.1596	14.0	1
80	1339.06	4276.8073	4.1	1
80	1358.77	4277.5282	848.0	1
80	1380.82	4278.3232	6.6	1
80	1443.37	4280.568	8.4	1
80	1457.36	4281.0678	6.3	1
80	1467.03	4281.4145	3.7	1
80	1484.78	4282.0413	28.5	1
80	1508.76	4282.8976	23.3	1
80	1526.12	4283.5184	2.6	1
80	1566.93	4284.9749	1.5	1
80	1602.75	4286.2285	4.2	1
80	1626.71	4287.0808	1.8	1
80	1671.64	4288.6688	6.9	1
80	1761.28	4291.8098	8.5	1
80	1869.7	4295.5849	2.2	1
80	1919.69	4297.3066	6.8	1
80	2016.76	4300.6495	25.7	1
80	2071.67	4302.5261	2.6	1
80	2114.49	4303.9892	1.3	1
80	2142.74	4304.9565	1.6	1
80	2184.33	4306.3668	1.2	1
80	2208.74	4307.1762	6.3	1
80	2236.93	4308.122	2.0	1
80	2250.7	4308.6001	1.0	1
80	2346.27	4311.7994	1.3	1
80	2382.01	4312.9975	11.0	1
80	2449.88	4315.2543	1.3	1
49	117.27	6911.2264	99.5	1
49	565.54	6937.6642	95.0	1
49	668.55	6943.6105	49.2	1
49	701.07	6945.4902	6.9	1
49	805.86	6951.4776	15.6	1
49	861.6	6954.656	3.4	1
49	960.51	6960.25	17.5	1
49	1492.17	6989.6553	123.0	1
49	1539.33	6992.2126	6.9	1
49	1554.46	6993.0371	3.6	1
49	1699.0	7000.8036	25.0	1
49	1738.2	7002.8829	3.0	1
49	1972.72	7015.3172	1.3	1
49	2034.98	7018.5675	34.3	1
49	2087.11	7021.2832	1.0	1
49	2162.74	7025.2251	1.4	1
49	2186.78	7026.4616	0.6	1
49	2216.69	7028.0228	0.5	1
49	2260.07	7030.2514	126.0	1
49	2311.99	7032.931	0.6	1
49	2377.51	7036.2831	2.3	1
49	2425.32	7038.7202	0.2	1
49	2564.56	7045.797	0.5	1
48	89.82	7053.6196	1.3	1
48	103.1	7054.4177	0.6	1
48	169.54	7058.4895	1.2	1
48	205.39	7060.6538	7.8	1
48	217.62	7061.3942	0.9	1
48	268.15	7064.4515	2.9	1
48	339.13	7068.7358	69.8	1
48	378.23	7071.0942	1.1	1
48	400.2	7072.3939	2.5	1
48	449.22	7075.3336	2.2	1
48	598.4	7084.169	26.6	1
48	641.28	7086.7044	4.8	1
48	686.15	7089.3395	2.0	1
48	878.31	7100.5144	1.2	1
48	999.36	7107.4778	23.2	1
48	1300.52	7124.5607	27.2	1
48	1323.05	7125.82	20.6	1
48	1410.7	7130.7236	1.0	1
48	1444.66	7132.61	1.1	1
48	1620.98	7142.331	1.9	1
48	1734.88	7148.5589	3.8	1
48	1766.7	7150.2844	9.7	1
48	1827.57	7153.5877	1.1	1
48	1889.8	7156.9416	2.3	1
48	1945.63	7159.947	1.7	1
48	1994.58	7162.5569	2.2	1
48	2113.72	7168.8952	57.9	1
48	2198.41	7173.3725	1.9	1
48	2251.52	7176.186	0.4	1
48	2261.73	7176.7213	0.5	1
47	141.41	7206.9804	17.3	1
47	157.9	7208.0063	8.5	1
47	233.54	7212.6896	1.7	1
47	338.43	7219.1515	1.6	1
47	515.79	7229.9386	0.9	1
47	575.03	7233.5365	1.0	1
47	1110.53	7265.1724	5.9	1
47	1205.4	7270.6636	4.0	1
47	1455.01	7284.9033	4.6	1
47	1657.04	7296.2659	0.4	1
47	1690.76	7298.1434	0.4	1
47	1821.83	7305.4043	0.4	1
47	1936.68	7311.7159	11.6	1
47	2015.22	7316.005	7.1	1
47	2202.75	7326.1491	0.3	1
47	2242.52	7328.285	2.1	1
47	2484.12	7341.1515	0.7	1
46	274.24	7372.1184	35.9	1
46	407.06	7380.4263	1.1	1
46	488.81	7385.5006	6.9	1
46	610.51	7392.9801	5.6	1
46	929.85	7412.3368	3.6	1
46	1147.64	7425.2942	3.4	1
46	1209.38	7428.9405	4.6	1
46	1232.0	7430.2533	2.2	1
46	1319.46	7435.3683	9.6	1
46	1335.25	7436.297	3.3	1
46	1481.24	7444.7489	0.8	1
46	1946.78	7471.1641	3.4	1
46	2171.8	7483.6256	0.7	1
46	2184.47	7484.3267	2.6	1
46	2250.67	7487.9738	0.3	1
46	2350.71	7493.4276	0.2	1
46	2484.31	7500.6556	0.4	1
45	111.86	7525.5079	0.5	1
45	483.34	7549.3138	1.1	1
45	778.09	7567.7417	2.3	1
45	1911.41	7635.106	940.2	1
45	2127.86	7647.3794	1.7	1
45	2242.44	7653.8284	0.3	1
45	2323.32	7658.3246	0.3	1
